O 12347 0144 50
D 12347 0144 1200
D 12347 0144 1200
W 12347 0144 500
D 12347 0144 1200
W 12347 0144 500
D 12347 0144 500
W 12347 0144 500
D 12347 0144 500
W 12347 0144 500
D 12347 0444 500
W 12347 0144 500
O 12347 0144 50
D 12347 0144 1200
W 12347 0144 500
O 12348 0144 50
D 12348 0144 1200
W 12348 0144 500
O 12349 0144 50
D 12349 0144 1200
W 12349 0144 500
L 12349 01445
L 12349 0144
B 12349 0144
B 12348 0144
B 12347 0144
T 12347 0144 12348 10
T 12347 0144 12348 10
T 12347 0144 12348 10
T 12347 0144 12348 10
T 12347 0144 12348 10
T 12347 0144 12348 10
T 12348 0144 12347 10
B 199199 0144
O 12347 0144 50
D 12347 0144 1200
W 12347 0144 500
O 12348 0144 50
D 12348 0144 1200
W 12348 0144 500
O 12349 0144 50
D 12349 0144 1200
W 12349 0144 500
L 12349 01445
L 12349 0144
B 12349 0144
B 12348 0144
B 12347 0144
T 12347 0144 12348 10
T 12347 0144 12348 10
T 12347 0144 12348 10
T 12347 0144 12348 10
T 12347 0144 12348 10
T 12347 0144 12348 10
T 12348 0144 12347 10
B 199199 0144
O 12347 0144 50
D 12347 0144 1200
W 12347 0144 500
O 12348 0144 50
D 12348 0144 1200
W 12348 0144 500
O 12349 0144 50
D 12349 0144 1200
W 12349 0144 500
L 12349 01445
L 12349 0144
B 12349 0144
B 12348 0144
B 12347 0144
T 12347 0144 12348 10
T 12347 0144 12348 10
T 12347 0144 12348 10
T 12347 0144 12348 10
T 12347 0144 12348 10
T 12347 0144 12348 10
T 12348 0144 12347 10
B 199199 0144
O 12347 0144 50
D 12347 0144 1200
W 12347 0144 500
O 12348 0144 50
D 12348 0144 1200
W 12348 0144 500
O 12349 0144 50
D 12349 0144 1200
W 12349 0144 500
L 12349 01445
L 12349 0144
B 12349 0144
B 12348 0144
B 12347 0144
T 12347 0144 12348 10
T 12347 0144 12348 10
T 12347 0144 12348 10
T 12347 0144 12348 10
T 12347 0144 12348 10
T 12347 0144 12348 10
T 12348 0144 12347 10
B 199199 0144
O 12347 0144 50
D 12347 0144 1200
W 12347 0144 500
O 12348 0144 50
D 12348 0144 1200
W 12348 0144 500
O 12349 0144 50
D 12349 0144 1200
W 12349 0144 500
L 12349 01445
L 12349 0144
B 12349 0144
B 12348 0144
B 12347 0144
T 12347 0144 12348 10
T 12347 0144 12348 10
T 12347 0144 12348 10
T 12347 0144 12348 10
T 12347 0144 12348 10
T 12347 0144 12348 10
T 12348 0144 12347 10
B 199199 0144
O 12347 0144 50
D 12347 0144 1200
W 12347 0144 500
O 12348 0144 50
D 12348 0144 1200
W 12348 0144 500
O 12349 0144 50
D 12349 0144 1200
W 12349 0144 500
L 12349 01445
L 12349 0144
B 12349 0144
B 12348 0144
B 12347 0144
T 12347 0144 12348 10
T 12347 0144 12348 10
T 12347 0144 12348 10
T 12347 0144 12348 10
T 12347 0144 12348 10
T 12347 0144 12348 10
T 12348 0144 12347 10
B 199199 0144
O 12347 0144 50
D 12347 0144 1200
W 12347 0144 500
O 12348 0144 50
D 12348 0144 1200
W 12348 0144 500
O 12349 0144 50
D 12349 0144 1200
W 12349 0344 500
L 12349 01445
L 12349 0144
B 12349 0144
B 12348 0144
B 12347 0144
W 12349 0344 500
T 12347 0144 12348 10
T 12347 0144 12348 10
T 12347 0144 12348 10
T 12347 0144 12348 10
T 12347 0144 12348 10
T 12347 0144 12348 10
T 12348 0144 12347 10
W 12349 0344 500
W 12349 0344 500
W 12349 0344 500
B 199199 0144
O 12347 0144 50
D 12347 0144 1200
W 12347 0144 500
O 12348 0144 50
D 12348 0144 1200
W 12348 0144 500
O 12349 0144 50
D 12349 0144 1200
W 12349 0344 500
W 12349 0144 500
W 12349 0344 500
L 12349 01445
L 12349 0144
B 12349 0144
B 12348 0144
B 12347 0144
T 12347 0144 12348 10
T 12347 0144 12348 10
T 12347 0144 12348 10
T 12347 0144 12348 10
T 12347 0144 12348 10
T 12347 0144 12348 10
T 12348 0144 12347 10
B 199199 0144
