O 12347 0144 50
D 12347 0144 1200
W 12347 0144 500
O 12348 0144 50
D 12348 0144 1200
W 12348 0144 500
O 12349 0144 50
D 12349 0144 1200
W 12349 0144 500
L 12349 01445
L 12349 0144
B 12349 0144
B 12348 0144
B 12347 0144
B 199199 0144
O 12347 0144 50
D 12347 0144 1200
W 12347 0144 500
O 12348 0144 50
D 12348 0144 1200
W 12348 0144 500
O 12349 0144 50
D 12349 0144 1200
W 12349 0144 500
L 12349 01445
L 12349 0144
B 12349 0144
B 12348 0144
B 12347 0144B 199199 0144
O 12347 0144 50
D 12347 0144 1200
W 12347 0144 500
O 12348 0144 50
D 12348 0144 1200
W 12348 0144 500
O 12349 0144 50
D 12349 0144 1200
W 12349 0144 500
L 12349 01445
L 12349 0144
B 12349 0144
B 12348 0144
B 12347 0144B 199199 0144
O 12347 0144 50
D 12347 0144 1200
W 12347 0144 500
O 12348 0144 50
D 12348 0144 1200
W 12348 0144 500
O 12349 0144 50
D 12349 0144 1200
W 12349 0144 500
L 12349 01445
L 12349 0144
B 12349 0144
B 12348 0144
B 12347 0144B 199199 0144
O 12347 0144 50
D 12347 0144 1200
W 12347 0144 500
O 12348 0144 50
D 12348 0144 1200
W 12348 0144 500
O 12349 0144 50
D 12349 0144 1200
W 12349 0144 500
L 12349 01445
L 12349 0144
B 12349 0144
B 12348 0144
B 12347 0144B 199199 0144
O 12347 0144 50
D 12347 0144 1200
W 12347 0144 500
O 12348 0144 50
D 12348 0144 1200
W 12348 0144 500
O 12349 0144 50
D 12349 0144 1200
W 12349 0144 500
L 12349 01445
L 12349 0144
B 12349 0144
B 12348 0144
B 12347 0144B 199199 0144
O 12347 0144 50
D 12347 0144 1200
W 12347 0144 500
O 12348 0144 50
D 12348 0144 1200
W 12348 0144 500
O 12349 0144 50
D 12349 0144 1200
W 12349 0144 500
L 12349 01445
L 12349 0144
B 12349 0144
B 12348 0144
B 12347 0144B 199199 0144
O 12347 0144 50
D 12347 0144 1200
W 12347 0144 500
O 12348 0144 50
D 12348 0144 1200
W 12348 0144 500
O 12349 0144 50
D 12349 0144 1200
W 12349 0144 500
L 12349 01445
L 12349 0144
B 12349 0144
B 12348 0144
B 12347 0144B 199199 0144
O 12347 0144 50
D 12347 0144 1200
W 12347 0144 500
O 12348 0144 50
D 12348 0144 1200
W 12348 0144 500
O 12349 0144 50
D 12349 0144 1200
W 12349 0144 500
L 12349 01445
L 12349 0144
B 12349 0144
B 12348 0144
B 12347 0144B 199199 0144
O 12347 0144 50
D 12347 0144 1200
W 12347 0144 500
O 12348 0144 50
D 12348 0144 1200
W 12348 0144 500
O 12349 0144 50
D 12349 0144 1200
W 12349 0144 500
L 12349 01445
L 12349 0144
B 12349 0144
B 12348 0144
B 12347 0144B 199199 0144
O 12347 0144 50
D 12347 0144 1200
W 12347 0144 500
O 12348 0144 50
D 12348 0144 1200
W 12348 0144 500
O 12349 0144 50
D 12349 0144 1200
W 12349 0144 500
L 12349 01445
L 12349 0144
B 12349 0144
B 12348 0144
B 12347 0144B 199199 0144
O 12347 0144 50
D 12347 0144 1200
W 12347 0144 500
O 12348 0144 50
D 12348 0144 1200
W 12348 0144 500
O 12349 0144 50
D 12349 0144 1200
W 12349 0144 500
L 12349 01445
L 12349 0144
B 12349 0144
B 12348 0144
B 12347 0144B 199199 0144
O 12347 0144 50
D 12347 0144 1200
W 12347 0144 500
O 12348 0144 50
D 12348 0144 1200
W 12348 0144 500
O 12349 0144 50
D 12349 0144 1200
W 12349 0144 500
L 12349 01445
L 12349 0144
B 12349 0144
B 12348 0144
B 12347 0144B 199199 0144
O 12347 0144 50
D 12347 0144 1200
W 12347 0144 500
O 12348 0144 50
D 12348 0144 1200
W 12348 0144 500
O 12349 0144 50
D 12349 0144 1200
W 12349 0144 500
L 12349 01445
L 12349 0144
B 12349 0144
B 12348 0144
B 12347 0144B 199199 0144
O 12347 0144 50
D 12347 0144 1200
W 12347 0144 500
O 12348 0144 50
D 12348 0144 1200
W 12348 0144 500
O 12349 0144 50
D 12349 0144 1200
W 12349 0144 500
L 12349 01445
L 12349 0144
B 12349 0144
B 12348 0144
B 12347 0144B 199199 0144
O 12347 0144 50
D 12347 0144 1200
W 12347 0144 500
O 12348 0144 50
D 12348 0144 1200
W 12348 0144 500
O 12349 0144 50
D 12349 0144 1200
W 12349 0144 500
L 12349 01445
L 12349 0144
B 12349 0144
B 12348 0144
B 12347 0144B 199199 0144
O 12347 0144 50
D 12347 0144 1200
W 12347 0144 500
O 12348 0144 50
D 12348 0144 1200
W 12348 0144 500
O 12349 0144 50
D 12349 0144 1200
W 12349 0144 500
L 12349 01445
L 12349 0144
B 12349 0144
B 12348 0144
B 12347 0144B 199199 0144
O 12347 0144 50
D 12347 0144 1200
W 12347 0144 500
O 12348 0144 50
D 12348 0144 1200
W 12348 0144 500
O 12349 0144 50
D 12349 0144 1200
W 12349 0144 500
L 12349 01445
L 12349 0144
B 12349 0144
B 12348 0144
B 12347 0144B 199199 0144
O 12347 0144 50
D 12347 0144 1200
W 12347 0144 500
O 12348 0144 50
D 12348 0144 1200
W 12348 0144 500
O 12349 0144 50
D 12349 0144 1200
W 12349 0144 500
L 12349 01445
L 12349 0144
B 12349 0144
B 12348 0144
B 12347 0144B 199199 0144
O 12347 0144 50
D 12347 0144 1200
W 12347 0144 500
O 12348 0144 50
D 12348 0144 1200
W 12348 0144 500
O 12349 0144 50
D 12349 0144 1200
W 12349 0144 500
L 12349 01445
L 12349 0144
B 12349 0144
B 12348 0144
B 12347 0144B 199199 0144
O 12347 0144 50
D 12347 0144 1200
W 12347 0144 500
O 12348 0144 50
D 12348 0144 1200
W 12348 0144 500
O 12349 0144 50
D 12349 0144 1200
W 12349 0144 500
L 12349 01445
L 12349 0144
B 12349 0144
B 12348 0144
B 12347 0144B 199199 0144
O 12347 0144 50
D 12347 0144 1200
W 12347 0144 500
O 12348 0144 50
D 12348 0144 1200
W 12348 0144 500
O 12349 0144 50
D 12349 0144 1200
W 12349 0144 500
L 12349 01445
L 12349 0144
B 12349 0144
B 12348 0144
B 12347 0144B 199199 0144
O 12347 0144 50
D 12347 0144 1200
W 12347 0144 500
O 12348 0144 50
D 12348 0144 1200
W 12348 0144 500
O 12349 0144 50
D 12349 0144 1200
W 12349 0144 500
L 12349 01445
L 12349 0144
B 12349 0144
B 12348 0144
B 12347 0144B 199199 0144
O 12347 0144 50
D 12347 0144 1200
W 12347 0144 500
O 12348 0144 50
D 12348 0144 1200
W 12348 0144 500
O 12349 0144 50
D 12349 0144 1200
W 12349 0144 500
L 12349 01445
L 12349 0144
B 12349 0144
B 12348 0144
B 12347 0144B 199199 0144
O 12347 0144 50
D 12347 0144 1200
W 12347 0144 500
O 12348 0144 50
D 12348 0144 1200
W 12348 0144 500
O 12349 0144 50
D 12349 0144 1200
W 12349 0144 500
L 12349 01445
L 12349 0144
B 12349 0144
B 12348 0144
B 12347 0144B 199199 0144
O 12347 0144 50
D 12347 0144 1200
W 12347 0144 500
O 12348 0144 50
D 12348 0144 1200
W 12348 0144 500
O 12349 0144 50
D 12349 0144 1200
W 12349 0144 500
L 12349 01445
L 12349 0144
B 12349 0144
B 12348 0144
B 12347 0144B 199199 0144
O 12347 0144 50
D 12347 0144 1200
W 12347 0144 500
O 12348 0144 50
D 12348 0144 1200
W 12348 0144 500
O 12349 0144 50
D 12349 0144 1200
W 12349 0144 500
L 12349 01445
L 12349 0144
B 12349 0144
B 12348 0144
B 12347 0144B 199199 0144
O 12347 0144 50
D 12347 0144 1200
W 12347 0144 500
O 12348 0144 50
D 12348 0144 1200
W 12348 0144 500
O 12349 0144 50
D 12349 0144 1200
W 12349 0144 500
L 12349 01445
L 12349 0144
B 12349 0144
B 12348 0144
B 12347 0144B 199199 0144
O 12347 0144 50
D 12347 0144 1200
W 12347 0144 500
O 12348 0144 50
D 12348 0144 1200
W 12348 0144 500
O 12349 0144 50
D 12349 0144 1200
W 12349 0144 500
L 12349 01445
L 12349 0144
B 12349 0144
B 12348 0144
B 12347 0144
